| Method                                |   Train Acc |   Train Loss |   Val Acc |    Latency |            FLOPs |   Noise Acc |   Rotation Acc |
|---------------------------------------|-------------|--------------|-----------|------------|------------------|-------------|----------------|
| AutoNorm-MNIST                        |    0.729983 |      1.18205 |  0.9879   | 0.00529593 |      7.93915e+07 |      0.0976 |         0.0882 |
| AutoNorm_DisableSelector-MNIST        |    0.722517 |      1.15776 |  0.9915   | 0.0051885  |      7.93766e+07 |      0.1055 |         0.0984 |
| AutoNorm_RandomSelector-MNIST         |    0.70385  |      1.18523 |  0.9896   | 0.00490878 |      7.93766e+07 |      0.1183 |         0.1189 |
| FrozenDyT-MNIST                       |    0.727283 |      1.15753 |  0.99     | 0.00531175 |      7.93915e+07 |      0.0918 |         0.0957 |
| FrozenLN-MNIST                        |    0.726833 |      1.19867 |  0.9882   | 0.0055183  |      7.93915e+07 |      0.1103 |         0.0813 |
| Teacher-MNIST                         |    0.73195  |      1.20091 |  0.9798   | 6.5388e-05 | 102144           |             |                |
| AutoNorm-CIFAR10                      |    0.62184  |      1.43459 |  0.8415   | 0.00530614 |      1.03178e+08 |      0.1896 |         0.6869 |
| AutoNorm_DisableSelector-CIFAR10      |    0.59518  |      1.46967 |  0.8332   | 0.00515845 |      1.03162e+08 |      0.2135 |         0.6792 |
| AutoNorm_RandomSelector-CIFAR10       |    0.6414   |      1.39058 |  0.8548   | 0.0060054  |      1.03162e+08 |      0.1897 |         0.6929 |
| FrozenDyT-CIFAR10                     |    0.60226  |      1.45194 |  0.8475   | 0.00612223 |      1.03178e+08 |      0.1477 |         0.6762 |
| FrozenLN-CIFAR10                      |    0.60424  |      1.45924 |  0.8297   | 0.00534886 |      1.03178e+08 |      0.2183 |         0.6719 |
| Teacher-CIFAR10                       |    0.41004  |      1.85552 |  0.5702   | 9.4959e-05 | 395008           |      0.5284 |         0.493  |
| AutoNorm-FashionMNIST                 |    0.715583 |      1.22847 |  0.9219   | 0.00570089 |      7.93915e+07 |      0.1031 |         0.1024 |
| AutoNorm_DisableSelector-FashionMNIST |    0.748117 |      1.17107 |  0.9282   | 0.00535481 |      7.93766e+07 |      0.1101 |         0.1129 |
| AutoNorm_RandomSelector-FashionMNIST  |    0.719733 |      1.18535 |  0.9238   | 0.00504289 |      7.93766e+07 |      0.1065 |         0.1047 |
| FrozenDyT-FashionMNIST                |    0.720167 |      1.19328 |  0.9263   | 0.00530078 |      7.93915e+07 |      0.1087 |         0.1024 |
| FrozenLN-FashionMNIST                 |    0.7355   |      1.16899 |  0.9312   | 0.00536988 |      7.93915e+07 |      0.109  |         0.1006 |
| Teacher-FashionMNIST                  |    0.7327   |      1.24372 |  0.8982   | 9.479e-05  | 102144           |             |                |
| AutoNorm-SVHN                         |    0.6205   |      1.43013 |  0.893785 | 0.00526578 |      1.03178e+08 |      0.0927 |         0.0921 |
| AutoNorm_DisableSelector-SVHN         |    0.635502 |      1.40876 |  0.901083 | 0.00533012 |      1.03162e+08 |      0.0923 |         0.093  |
| AutoNorm_RandomSelector-SVHN          |    0.633523 |      1.4043  |  0.903657 | 0.0052736  |      1.03162e+08 |      0.0998 |         0.0921 |
| FrozenDyT-SVHN                        |    0.66107  |      1.37792 |  0.911033 | 0.00617232 |      1.03178e+08 |      0.0956 |         0.0987 |
| FrozenLN-SVHN                         |    0.642191 |      1.38987 |  0.903734 | 0.00552693 |      1.03178e+08 |      0.0883 |         0.093  |
| Teacher-SVHN                          |    0.484554 |      1.74371 |  0.783728 | 9.0825e-05 | 395008           |      0.0918 |         0.0918 |

[Regression Results]
| Method                                    |   Train RMSE |   Val RMSE |   Train MAE |   Val MAE |   Train Loss |   Val Loss |    Latency |          FLOPs | 
|-------------------------------------------|--------------|------------|-------------|-----------|--------------|------------|------------|----------------| 
| AutoNorm-EnergyEfficiency                 |     0.920573 |    22.7777 |    0.693161 |   20.5282 |     0.870955 |    541.664 | 0.00398149 |    1.68768e+06 | 
| AutoNorm_DisableSelector-EnergyEfficiency |     0.947463 |    22.7308 |    0.681811 |   20.4948 |     0.944594 |    538.909 | 0.00374326 |    1.6791e+06  | 
| AutoNorm_RandomSelector-EnergyEfficiency  |     0.990707 |    22.762  |    0.74784  |   20.5145 |     0.993046 |    541.315 | 0.00396427 |    1.6791e+06  | 
| FrozenDyT-EnergyEfficiency                |     1.00713  |    22.7339 |    0.738034 |   20.4752 |     1.03415  |    539.759 | 0.00397513 |    1.68768e+06 | 
| FrozenLN-EnergyEfficiency                 |     0.952851 |    22.7664 |    0.704914 |   20.5219 |     0.921525 |    541.089 | 0.0041007  |    1.68768e+06 | 
| Teacher-EnergyEfficiency                  |     1.98658  |    22.9    |    1.44129  |   20.6865 |     4.03699  |    546.706 | 5.3299e-05 | 2816           | 